9943
0
128
256
384
385
513
514
515
516
644
645
646
647
648
776
777
778
779
780
781
782
783
784
785
786
787
915
1043
1171
1299
1300
1301
1302
1430
1558
1686
1814
1942
2070
2198
2326
2327
2455
2456
2328
2329
2457
2585
2586
2714
2715
2843
2971
3099
3227
3228
3229
3230
3231
3232
3360
3361
3362
3363
3491
3619
3747
3875
3876
3877
4005
4006
4007
3879
3880
3881
3882
3883
3884
4012
4140
4268
4269
4270
4271
4272
4273
4401
4529
4530
4531
4532
4660
4661
4789
4790
4791
4792
4920
4921
4922
5050
5051
5052
5053
5181
5182
5183
5311
5312
5440
5568
5696
5824
5825
5826
5954
6082
6081
6209
6337
6465
6593
6721
6849
6850
6851
6852
6980
6981
6982
7110
7238
7239
7367
7495
7623
7751
7879
8007
8135
8263
8391
8519
8520
8521
8522
8523
8524
8525
8653
8654
8782
8910
9038
9166
9167
9168
9169
9297
9298
9426
9427
9555
9556
9557
9685
9813
9941
9942
9943
9944
10072
10073
10074
10075
10203
10331
10330
10458
10586
10587
10715
10843
10971
11099
11227
11355
11483
11611
11610
11738
11866
11994
12122
12250
12378
12506
12507
12508
12636
12637
12765
12766
12894
12895
12896
12897
12898
12899
12900
12901
13029
13157
13285
13413
13541
13669
13670
13798
13799
13927
14055
14183
14184
14185
14186
14314
14442
14570
14698
14826
14954
14955
15083
15211
15339
15340
15468
15596
15724
15852
15980
15981
15982
16110
16111
16112
16113
16114
16115
16116
16117
16118
16119
16120
16121
16122
16123
16251
16379
16380
16381
16382
16383
