7479
0
1
2
3
4
132
260
261
262
390
518
517
645
773
901
902
903
1031
1032
1033
1034
1162
1163
1164
1292
1293
1421
1422
1550
1551
1552
1553
1681
1682
1683
1684
1812
1940
1941
1942
1943
2071
2199
2200
2328
2456
2457
2458
2459
2587
2588
2716
2844
2972
2973
2974
3102
3230
3231
3232
3360
3488
3489
3617
3618
3619
3747
3748
3620
3621
3749
3750
3751
3752
3880
3881
3882
3754
3755
3756
3757
3758
3759
3760
3632
3633
3634
3635
3636
3637
3638
3639
3767
3768
3769
3770
3642
3643
3644
3772
3773
3774
3646
3647
3648
3649
3650
3651
3779
3780
3781
3782
3910
3911
3912
4040
4041
4169
4297
4425
4426
4427
4299
4300
4301
4429
4430
4558
4686
4687
4815
4943
5071
5199
5327
5455
5454
5582
5710
5711
5839
5967
5968
5969
5970
5971
5972
5973
5974
5975
5976
5977
5978
6106
6234
6362
6490
6618
6619
6620
6621
6749
6750
6751
6752
6880
7008
7009
7010
7138
7266
7394
7395
7396
7397
7398
7399
7527
7528
7529
7530
7658
7659
7787
7788
7789
7661
7662
7790
7791
7792
7793
7794
7795
7796
7797
7669
7670
7798
7799
7800
7801
7802
7803
7804
7805
7933
7934
8062
8190
8191
