0 0 0
1 1 0
2 2 0
3 3 0
4 4 0
5 5 0
6 6 0
7 7 0
8 8 0
9 9 0
10 10 0
11 11 0
12 12 0
13 13 0
14 14 0
15 15 0
16 0 1
17 1 1
18 2 1
19 3 1
20 4 1
21 5 1
22 6 1
23 7 1
24 8 1
25 9 1
26 10 1
27 11 1
28 12 1
29 13 1
30 14 1
31 15 1
32 0 2
33 1 2
34 2 2
35 3 2
36 4 2
37 5 2
38 6 2
39 7 2
40 8 2
41 9 2
42 10 2
43 11 2
44 12 2
45 13 2
46 14 2
47 15 2
48 0 3
49 1 3
50 2 3
51 3 3
52 4 3
53 5 3
54 6 3
55 7 3
56 8 3
57 9 3
58 10 3
59 11 3
60 12 3
61 13 3
62 14 3
63 15 3
64 0 4
65 1 4
66 2 4
67 3 4
68 4 4
69 5 4
70 6 4
71 7 4
72 8 4
73 9 4
74 10 4
75 11 4
76 12 4
77 13 4
78 14 4
79 15 4
80 0 5
81 1 5
82 2 5
83 3 5
84 4 5
85 5 5
86 6 5
87 7 5
88 8 5
89 9 5
90 10 5
91 11 5
92 12 5
93 13 5
94 14 5
95 15 5
96 0 6
97 1 6
98 2 6
99 3 6
100 4 6
101 5 6
102 6 6
103 7 6
104 8 6
105 9 6
106 10 6
107 11 6
108 12 6
109 13 6
110 14 6
111 15 6
112 0 7
113 1 7
114 2 7
115 3 7
116 4 7
117 5 7
118 6 7
119 7 7
120 8 7
121 9 7
122 10 7
123 11 7
124 12 7
125 13 7
126 14 7
127 15 7
128 0 8
129 1 8
130 2 8
131 3 8
132 4 8
133 5 8
134 6 8
135 7 8
136 8 8
137 9 8
138 10 8
139 11 8
140 12 8
141 13 8
142 14 8
143 15 8
144 0 9
145 1 9
146 2 9
147 3 9
148 4 9
149 5 9
150 6 9
151 7 9
152 8 9
153 9 9
154 10 9
155 11 9
156 12 9
157 13 9
158 14 9
159 15 9
160 0 10
161 1 10
162 2 10
163 3 10
164 4 10
165 5 10
166 6 10
167 7 10
168 8 10
169 9 10
170 10 10
171 11 10
172 12 10
173 13 10
174 14 10
175 15 10
176 0 11
177 1 11
178 2 11
179 3 11
180 4 11
181 5 11
182 6 11
183 7 11
184 8 11
185 9 11
186 10 11
187 11 11
188 12 11
189 13 11
190 14 11
191 15 11
192 0 12
193 1 12
194 2 12
195 3 12
196 4 12
197 5 12
198 6 12
199 7 12
200 8 12
201 9 12
202 10 12
203 11 12
204 12 12
205 13 12
206 14 12
207 15 12
208 0 13
209 1 13
210 2 13
211 3 13
212 4 13
213 5 13
214 6 13
215 7 13
216 8 13
217 9 13
218 10 13
219 11 13
220 12 13
221 13 13
222 14 13
223 15 13
224 0 14
225 1 14
226 2 14
227 3 14
228 4 14
229 5 14
230 6 14
231 7 14
232 8 14
233 9 14
234 10 14
235 11 14
236 12 14
237 13 14
238 14 14
239 15 14
240 0 15
241 1 15
242 2 15
243 3 15
244 4 15
245 5 15
246 6 15
247 7 15
248 8 15
249 9 15
250 10 15
251 11 15
252 12 15
253 13 15
254 14 15
255 15 15
---
0 16 48
0 1 55
1 0 55
1 17 40
1 2 42
2 1 42
2 18 88
7 23 33
9 25 30
9 10 69
10 9 69
10 26 44
10 11 89
11 10 89
11 27 27
11 12 18
12 11 18
12 13 33
13 12 33
13 14 51
14 13 51
14 30 46
14 15 52
15 14 52
15 31 48
16 0 48
16 32 64
16 17 66
17 1 40
17 16 66
17 18 94
18 2 88
18 17 94
18 19 51
19 18 51
19 35 38
21 37 22
21 22 67
22 21 67
22 38 35
22 23 15
23 7 33
23 22 15
23 39 44
23 24 5
24 23 5
24 40 16
24 25 29
25 9 30
25 24 29
25 41 5
25 26 17
26 10 44
26 25 17
26 42 72
26 27 23
27 11 27
27 26 23
30 14 46
30 46 75
30 31 59
31 15 48
31 30 59
31 47 90
32 16 64
32 48 38
35 19 38
35 51 75
35 36 72
36 35 72
36 37 43
37 21 22
37 36 43
37 53 100
37 38 61
38 22 35
38 37 61
38 54 51
38 39 95
39 23 44
39 38 95
39 55 83
39 40 54
40 24 16
40 39 54
40 56 65
40 41 50
41 25 5
41 40 50
41 57 28
41 42 54
42 26 72
42 41 54
42 58 59
44 60 8
46 30 75
46 62 47
46 47 21
47 31 90
47 46 21
48 32 38
48 64 8
48 49 78
49 48 78
49 50 33
50 49 33
50 66 40
50 51 19
51 35 75
51 50 19
53 37 100
53 54 2
54 38 51
54 53 2
54 55 93
55 39 83
55 54 93
55 71 49
55 56 37
56 40 65
56 55 37
56 57 3
57 41 28
57 56 3
57 73 91
57 58 7
58 42 59
58 57 7
58 74 14
60 44 8
60 76 62
62 46 47
62 78 15
64 48 8
64 80 36
66 50 40
66 82 1
68 84 79
71 55 49
73 57 91
73 89 80
73 74 94
74 58 14
74 73 94
74 90 32
74 75 24
75 74 24
75 76 15
76 60 62
76 75 15
76 92 41
76 77 9
77 76 9
77 93 94
77 78 1
78 62 15
78 77 1
78 94 64
80 64 36
80 96 65
80 81 34
81 80 34
81 97 10
81 82 28
82 66 1
82 81 28
82 98 31
82 83 8
83 82 8
83 99 62
83 84 67
84 68 79
84 83 67
84 100 22
86 102 75
88 104 93
88 89 24
89 73 80
89 88 24
89 105 42
89 90 7
90 74 32
90 89 7
92 76 41
92 108 56
92 93 99
93 77 94
93 92 99
93 109 52
93 94 63
94 78 64
94 93 63
94 110 35
96 80 65
96 97 43
97 81 10
97 96 43
97 113 36
97 98 22
98 82 31
98 97 22
98 114 52
98 99 73
99 83 62
99 98 73
99 100 14
100 84 22
100 99 14
100 101 98
101 100 98
101 117 41
101 102 70
102 86 75
102 101 70
102 103 81
103 102 81
103 119 26
103 104 71
104 88 93
104 103 71
104 120 17
104 105 29
105 89 42
105 104 29
105 121 99
107 108 52
108 92 56
108 107 52
108 124 2
108 109 56
109 93 52
109 108 56
109 125 61
109 110 15
110 94 35
110 109 15
110 126 25
110 111 21
111 110 21
113 97 36
113 129 79
113 114 22
114 98 52
114 113 22
114 130 78
117 101 41
117 133 55
119 103 26
119 135 90
119 120 47
120 104 17
120 119 47
120 136 51
120 121 57
121 105 99
121 120 57
121 137 44
121 122 78
122 121 78
124 108 2
124 140 25
124 125 55
125 109 61
125 124 55
125 141 44
125 126 25
126 110 25
126 125 25
126 142 21
128 129 67
129 113 79
129 128 67
129 130 1
130 114 78
130 129 1
130 146 23
132 148 14
132 133 53
133 117 55
133 132 53
133 149 1
135 119 90
135 151 47
135 136 4
136 120 51
136 135 4
136 152 55
136 137 99
137 121 44
137 136 99
139 155 46
139 140 55
140 124 25
140 139 55
140 141 17
141 125 44
141 140 17
141 157 25
141 142 41
142 126 21
142 141 41
142 158 72
146 130 23
146 147 16
147 146 16
147 163 43
147 148 58
148 132 14
148 147 58
148 149 6
149 133 1
149 148 6
149 165 26
149 150 56
150 149 56
150 166 13
150 151 62
151 135 47
151 150 62
151 167 59
151 152 78
152 136 55
152 151 78
154 170 6
154 155 91
155 139 46
155 154 91
155 171 69
157 141 25
157 173 9
157 158 70
158 142 72
158 157 70
158 159 24
159 158 24
159 175 87
160 176 32
160 161 66
161 160 66
163 147 43
163 179 64
165 149 26
165 166 70
166 150 13
166 165 70
166 182 34
166 167 45
167 151 59
167 166 45
167 183 25
169 170 42
170 154 6
170 169 42
170 186 41
170 171 65
171 155 69
171 170 65
171 187 15
173 157 9
175 159 87
175 191 60
176 160 32
178 194 12
178 179 75
179 163 64
179 178 75
179 195 79
179 180 72
180 179 72
182 166 34
182 198 64
182 183 8
183 167 25
183 182 8
183 199 78
186 170 41
186 202 99
186 187 73
187 171 15
187 186 73
187 203 78
187 188 46
188 187 46
188 204 18
190 206 85
190 191 65
191 175 60
191 190 65
191 207 39
193 194 50
194 178 12
194 193 50
194 195 2
195 179 79
195 194 2
195 211 71
198 182 64
198 214 94
198 199 46
199 183 78
199 198 46
199 200 36
200 199 36
200 216 60
200 201 54
201 200 54
201 217 96
201 202 43
202 186 99
202 201 43
202 218 9
202 203 49
203 187 78
203 202 49
203 219 16
203 204 37
204 188 18
204 203 37
204 220 58
206 190 85
206 222 78
206 207 68
207 191 39
207 206 68
207 223 78
211 195 71
211 227 38
211 212 11
212 211 11
212 228 26
212 213 30
213 212 30
213 229 18
213 214 90
214 198 94
214 213 90
216 200 60
216 232 15
216 217 77
217 201 96
217 216 77
217 233 2
217 218 18
218 202 9
218 217 18
218 234 79
218 219 9
219 203 16
219 218 9
219 235 36
219 220 57
220 204 58
220 219 57
220 221 12
221 220 12
221 237 45
221 222 7
222 206 78
222 221 7
222 223 36
223 207 78
223 222 36
223 239 94
224 225 22
225 224 22
225 241 65
225 226 2
226 225 2
226 242 80
226 227 40
227 211 38
227 226 40
227 243 95
227 228 43
228 212 26
228 227 43
228 244 56
228 229 31
229 213 18
229 228 31
229 245 22
231 247 11
231 232 99
232 216 15
232 231 99
232 248 5
232 233 10
233 217 2
233 232 10
233 249 88
233 234 63
234 218 79
234 233 63
234 235 29
235 219 36
235 234 29
235 251 80
237 221 45
237 253 13
239 223 94
239 255 36
241 225 65
241 242 2
242 226 80
242 241 2
242 243 75
243 227 95
243 242 75
243 244 42
244 228 56
244 243 42
244 245 54
245 229 22
245 244 54
247 231 11
247 248 81
248 232 5
248 247 81
248 249 81
249 233 88
249 248 81
251 235 80
251 252 16
252 251 16
252 253 86
253 237 13
253 252 86
255 239 36