18425
0
1
2
3
259
515
514
770
1026
1282
1283
1539
1795
2051
2307
2563
2819
3075
3331
3587
3843
4099
4355
4611
4610
4866
5122
5123
5379
5635
5891
6147
6148
6404
6660
6916
7172
7173
7429
7685
7941
7942
8198
8454
8455
8711
8712
8713
8969
9225
9226
9482
9738
9994
10250
10506
10507
10763
11019
11275
11531
11787
12043
12299
12555
12811
13067
13323
13579
13835
13836
13837
13838
13839
14095
14351
14352
14608
14864
15120
15119
15375
15631
15887
15888
16144
16145
16401
16402
16403
16659
16660
16916
16917
17173
17429
17430
17686
17942
18198
18454
18455
18456
18457
18458
18714
18970
18971
19227
19228
19229
18973
18974
18975
19231
19487
19743
19744
19745
19746
20002
20258
20259
20260
20516
20772
21028
21284
21540
21796
22052
22308
22309
22565
22821
23077
23076
23332
23588
23844
24100
24101
24357
24358
24614
24615
24616
24872
25128
25129
25385
25386
25387
25388
25644
25645
25901
25902
26158
26159
26160
26416
26672
26673
26674
26675
26419
26420
26421
26422
26423
26679
26680
26681
26937
26938
26939
27195
27451
27452
27196
27197
27198
27454
27455
27711
27712
27968
28224
28480
28481
28482
28483
28739
28740
28741
28742
28743
28744
28745
28746
28747
28491
28492
28493
28494
28750
28751
28752
29008
29264
29520
29776
29777
29778
29779
29780
29781
29782
29783
29784
29785
29529
29530
29531
29532
29788
30044
30045
30301
30302
30303
30304
30305
30561
30562
30563
30564
30565
30566
30822
30823
30824
30825
31081
31082
31338
31594
31850
32106
32362
32363
32364
32365
32366
32367
32623
32624
32625
32626
32627
32883
32884
33140
33141
33397
33653
33654
33655
33656
33657
33658
33914
34170
34171
34427
34428
34429
34685
34686
34687
34688
34689
34945
34946
35202
35203
35204
35205
35206
35462
35718
35717
35973
36229
36230
36486
36742
36998
36999
37255
37256
37000
37001
37002
37258
37259
37260
37261
37262
37263
37264
37520
37776
37777
37778
38034
38035
38291
38547
38803
38802
39058
39059
39315
39571
39572
39573
39829
39830
39831
40087
40343
40599
40855
41111
41367
41623
41879
42135
42391
42392
42648
42649
42905
43161
43162
43418
43419
43420
43421
43422
43678
43934
44190
44446
44447
44448
44704
44705
44706
44707
44708
44709
44710
44966
45222
45223
45479
45480
45736
45992
46248
46504
46505
46506
46507
46763
46764
46765
47021
47277
47278
47534
47790
47791
47792
47793
48049
48305
48561
48817
49073
49329
49330
49331
49332
49333
49334
49335
49079
49080
49081
49082
49338
49339
49340
49596
49597
49598
49854
50110
50366
50622
50878
51134
51390
51646
51647
51903
51904
52160
52161
52162
52163
52419
52420
52676
52932
52933
52934
52935
52936
52680
52681
52682
52683
52427
52428
52429
52685
52686
52942
53198
53454
53710
53709
53965
54221
54477
54733
54732
54988
55244
55500
55501
55757
55758
56014
56015
56016
56017
56018
56274
56275
56531
56532
56788
56789
56790
56791
56792
56793
57049
57050
56794
56795
56796
57052
57308
57564
57565
57821
58077
58333
58589
58590
58591
58847
58848
59104
59105
59106
59362
59363
59364
59620
59876
60132
60133
60389
60390
60646
60647
60648
60904
61160
61161
61162
61418
61419
61675
61676
61677
61933
62189
62445
62701
62957
62958
63214
63470
63471
63727
63983
63984
64240
64241
64497
64498
64499
64500
64501
64245
64246
64247
64503
64759
64760
64761
64762
65018
65274
65275
65531
65532
65533
65534
65535
