15063
0
256
512
768
769
1025
1281
1537
1793
2049
2305
2306
2307
2563
2819
3075
3331
3587
3586
3842
3843
3844
4100
4101
4102
3846
3590
3591
3592
3593
3594
3595
3596
3597
3853
3854
4110
4111
4112
4113
4114
4115
4116
4117
4373
4374
4630
4886
4887
4888
4889
4890
4891
4892
4636
4637
4638
4639
4640
4641
4642
4386
4387
4388
4389
4390
4134
3878
3879
3880
4136
4392
4393
4394
4395
4396
4397
4398
4399
4400
4401
4402
4403
4404
4148
4149
4150
4151
4152
4153
3897
3898
3899
4155
4156
4412
4413
4414
4670
4671
4672
4673
4674
4675
4676
4677
4678
4679
4680
4681
4682
4683
4684
4685
4686
4687
4431
4432
4433
4434
4435
4179
4180
4181
3925
3669
3670
3671
3415
3416
3417
3673
3674
3930
4186
4187
4188
4189
4190
3934
3935
3936
3937
3938
3939
3940
3941
3942
3943
4199
4455
4456
4712
4968
5224
5225
5481
5737
5738
5739
5995
6251
6507
6763
6764
6765
6766
6510
6511
6512
6513
6257
6258
6259
6260
6261
6005
6006
6007
6008
6009
6265
6266
6267
6268
6269
6525
6781
6782
6783
6784
7040
7041
7042
7043
7299
7300
7556
7557
7558
7559
7560
7561
7562
7563
7564
7565
7566
7567
7568
7569
7570
7571
7572
7828
8084
8085
8086
8087
8088
8089
8090
7834
7578
7579
7580
7581
7325
7326
7327
7328
7329
7330
7331
7587
7843
8099
8355
8356
8357
8613
8614
8870
8871
8872
8873
9129
9385
9386
9130
9131
9132
9133
9134
9390
9646
9647
9903
9904
9905
9906
9907
9908
9909
10165
10421
10422
10423
10424
10425
10681
10682
10683
10939
10940
11196
11452
11708
11964
11965
12221
12222
12478
12734
12735
12991
13247
13248
13249
13505
13761
14017
14018
14274
14530
14786
15042
15043
15299
15555
15556
15557
15558
15814
15815
16071
16327
16328
16584
16840
17096
17352
17608
17609
17865
18121
18377
18378
18634
18890
18891
18892
18893
19149
19405
19661
19662
19918
20174
20175
20176
20177
20433
20434
20435
20436
20692
20948
21204
21460
21716
21717
21718
21719
21720
21721
21722
21978
21979
22235
22491
22747
22748
23004
23260
23261
23517
23518
23519
23775
24031
24287
24288
24544
24545
24546
24547
24548
24804
24805
25061
25317
25318
25574
25575
25831
25832
25833
25834
25835
25836
25837
25838
25839
25840
25841
25842
26098
26099
26100
26101
26102
26103
26359
26360
26361
26362
26618
26874
27130
27386
27642
27643
27899
28155
28411
28667
28923
29179
29435
29434
29433
29689
29945
30201
30457
30713
30714
30970
31226
31227
31228
31229
31485
31741
31997
32253
32254
32255
32511
32767
