0 0 0
1 1 0
2 2 0
3 3 0
4 4 0
5 5 0
6 6 0
7 7 0
8 8 0
9 9 0
10 10 0
11 11 0
12 12 0
13 13 0
14 14 0
15 15 0
16 16 0
17 17 0
18 18 0
19 19 0
20 20 0
21 21 0
22 22 0
23 23 0
24 24 0
25 25 0
26 26 0
27 27 0
28 28 0
29 29 0
30 30 0
31 31 0
32 0 1
33 1 1
34 2 1
35 3 1
36 4 1
37 5 1
38 6 1
39 7 1
40 8 1
41 9 1
42 10 1
43 11 1
44 12 1
45 13 1
46 14 1
47 15 1
48 16 1
49 17 1
50 18 1
51 19 1
52 20 1
53 21 1
54 22 1
55 23 1
56 24 1
57 25 1
58 26 1
59 27 1
60 28 1
61 29 1
62 30 1
63 31 1
64 0 2
65 1 2
66 2 2
67 3 2
68 4 2
69 5 2
70 6 2
71 7 2
72 8 2
73 9 2
74 10 2
75 11 2
76 12 2
77 13 2
78 14 2
79 15 2
80 16 2
81 17 2
82 18 2
83 19 2
84 20 2
85 21 2
86 22 2
87 23 2
88 24 2
89 25 2
90 26 2
91 27 2
92 28 2
93 29 2
94 30 2
95 31 2
96 0 3
97 1 3
98 2 3
99 3 3
100 4 3
101 5 3
102 6 3
103 7 3
104 8 3
105 9 3
106 10 3
107 11 3
108 12 3
109 13 3
110 14 3
111 15 3
112 16 3
113 17 3
114 18 3
115 19 3
116 20 3
117 21 3
118 22 3
119 23 3
120 24 3
121 25 3
122 26 3
123 27 3
124 28 3
125 29 3
126 30 3
127 31 3
128 0 4
129 1 4
130 2 4
131 3 4
132 4 4
133 5 4
134 6 4
135 7 4
136 8 4
137 9 4
138 10 4
139 11 4
140 12 4
141 13 4
142 14 4
143 15 4
144 16 4
145 17 4
146 18 4
147 19 4
148 20 4
149 21 4
150 22 4
151 23 4
152 24 4
153 25 4
154 26 4
155 27 4
156 28 4
157 29 4
158 30 4
159 31 4
160 0 5
161 1 5
162 2 5
163 3 5
164 4 5
165 5 5
166 6 5
167 7 5
168 8 5
169 9 5
170 10 5
171 11 5
172 12 5
173 13 5
174 14 5
175 15 5
176 16 5
177 17 5
178 18 5
179 19 5
180 20 5
181 21 5
182 22 5
183 23 5
184 24 5
185 25 5
186 26 5
187 27 5
188 28 5
189 29 5
190 30 5
191 31 5
192 0 6
193 1 6
194 2 6
195 3 6
196 4 6
197 5 6
198 6 6
199 7 6
200 8 6
201 9 6
202 10 6
203 11 6
204 12 6
205 13 6
206 14 6
207 15 6
208 16 6
209 17 6
210 18 6
211 19 6
212 20 6
213 21 6
214 22 6
215 23 6
216 24 6
217 25 6
218 26 6
219 27 6
220 28 6
221 29 6
222 30 6
223 31 6
224 0 7
225 1 7
226 2 7
227 3 7
228 4 7
229 5 7
230 6 7
231 7 7
232 8 7
233 9 7
234 10 7
235 11 7
236 12 7
237 13 7
238 14 7
239 15 7
240 16 7
241 17 7
242 18 7
243 19 7
244 20 7
245 21 7
246 22 7
247 23 7
248 24 7
249 25 7
250 26 7
251 27 7
252 28 7
253 29 7
254 30 7
255 31 7
256 0 8
257 1 8
258 2 8
259 3 8
260 4 8
261 5 8
262 6 8
263 7 8
264 8 8
265 9 8
266 10 8
267 11 8
268 12 8
269 13 8
270 14 8
271 15 8
272 16 8
273 17 8
274 18 8
275 19 8
276 20 8
277 21 8
278 22 8
279 23 8
280 24 8
281 25 8
282 26 8
283 27 8
284 28 8
285 29 8
286 30 8
287 31 8
288 0 9
289 1 9
290 2 9
291 3 9
292 4 9
293 5 9
294 6 9
295 7 9
296 8 9
297 9 9
298 10 9
299 11 9
300 12 9
301 13 9
302 14 9
303 15 9
304 16 9
305 17 9
306 18 9
307 19 9
308 20 9
309 21 9
310 22 9
311 23 9
312 24 9
313 25 9
314 26 9
315 27 9
316 28 9
317 29 9
318 30 9
319 31 9
320 0 10
321 1 10
322 2 10
323 3 10
324 4 10
325 5 10
326 6 10
327 7 10
328 8 10
329 9 10
330 10 10
331 11 10
332 12 10
333 13 10
334 14 10
335 15 10
336 16 10
337 17 10
338 18 10
339 19 10
340 20 10
341 21 10
342 22 10
343 23 10
344 24 10
345 25 10
346 26 10
347 27 10
348 28 10
349 29 10
350 30 10
351 31 10
352 0 11
353 1 11
354 2 11
355 3 11
356 4 11
357 5 11
358 6 11
359 7 11
360 8 11
361 9 11
362 10 11
363 11 11
364 12 11
365 13 11
366 14 11
367 15 11
368 16 11
369 17 11
370 18 11
371 19 11
372 20 11
373 21 11
374 22 11
375 23 11
376 24 11
377 25 11
378 26 11
379 27 11
380 28 11
381 29 11
382 30 11
383 31 11
384 0 12
385 1 12
386 2 12
387 3 12
388 4 12
389 5 12
390 6 12
391 7 12
392 8 12
393 9 12
394 10 12
395 11 12
396 12 12
397 13 12
398 14 12
399 15 12
400 16 12
401 17 12
402 18 12
403 19 12
404 20 12
405 21 12
406 22 12
407 23 12
408 24 12
409 25 12
410 26 12
411 27 12
412 28 12
413 29 12
414 30 12
415 31 12
416 0 13
417 1 13
418 2 13
419 3 13
420 4 13
421 5 13
422 6 13
423 7 13
424 8 13
425 9 13
426 10 13
427 11 13
428 12 13
429 13 13
430 14 13
431 15 13
432 16 13
433 17 13
434 18 13
435 19 13
436 20 13
437 21 13
438 22 13
439 23 13
440 24 13
441 25 13
442 26 13
443 27 13
444 28 13
445 29 13
446 30 13
447 31 13
448 0 14
449 1 14
450 2 14
451 3 14
452 4 14
453 5 14
454 6 14
455 7 14
456 8 14
457 9 14
458 10 14
459 11 14
460 12 14
461 13 14
462 14 14
463 15 14
464 16 14
465 17 14
466 18 14
467 19 14
468 20 14
469 21 14
470 22 14
471 23 14
472 24 14
473 25 14
474 26 14
475 27 14
476 28 14
477 29 14
478 30 14
479 31 14
480 0 15
481 1 15
482 2 15
483 3 15
484 4 15
485 5 15
486 6 15
487 7 15
488 8 15
489 9 15
490 10 15
491 11 15
492 12 15
493 13 15
494 14 15
495 15 15
496 16 15
497 17 15
498 18 15
499 19 15
500 20 15
501 21 15
502 22 15
503 23 15
504 24 15
505 25 15
506 26 15
507 27 15
508 28 15
509 29 15
510 30 15
511 31 15
512 0 16
513 1 16
514 2 16
515 3 16
516 4 16
517 5 16
518 6 16
519 7 16
520 8 16
521 9 16
522 10 16
523 11 16
524 12 16
525 13 16
526 14 16
527 15 16
528 16 16
529 17 16
530 18 16
531 19 16
532 20 16
533 21 16
534 22 16
535 23 16
536 24 16
537 25 16
538 26 16
539 27 16
540 28 16
541 29 16
542 30 16
543 31 16
544 0 17
545 1 17
546 2 17
547 3 17
548 4 17
549 5 17
550 6 17
551 7 17
552 8 17
553 9 17
554 10 17
555 11 17
556 12 17
557 13 17
558 14 17
559 15 17
560 16 17
561 17 17
562 18 17
563 19 17
564 20 17
565 21 17
566 22 17
567 23 17
568 24 17
569 25 17
570 26 17
571 27 17
572 28 17
573 29 17
574 30 17
575 31 17
576 0 18
577 1 18
578 2 18
579 3 18
580 4 18
581 5 18
582 6 18
583 7 18
584 8 18
585 9 18
586 10 18
587 11 18
588 12 18
589 13 18
590 14 18
591 15 18
592 16 18
593 17 18
594 18 18
595 19 18
596 20 18
597 21 18
598 22 18
599 23 18
600 24 18
601 25 18
602 26 18
603 27 18
604 28 18
605 29 18
606 30 18
607 31 18
608 0 19
609 1 19
610 2 19
611 3 19
612 4 19
613 5 19
614 6 19
615 7 19
616 8 19
617 9 19
618 10 19
619 11 19
620 12 19
621 13 19
622 14 19
623 15 19
624 16 19
625 17 19
626 18 19
627 19 19
628 20 19
629 21 19
630 22 19
631 23 19
632 24 19
633 25 19
634 26 19
635 27 19
636 28 19
637 29 19
638 30 19
639 31 19
640 0 20
641 1 20
642 2 20
643 3 20
644 4 20
645 5 20
646 6 20
647 7 20
648 8 20
649 9 20
650 10 20
651 11 20
652 12 20
653 13 20
654 14 20
655 15 20
656 16 20
657 17 20
658 18 20
659 19 20
660 20 20
661 21 20
662 22 20
663 23 20
664 24 20
665 25 20
666 26 20
667 27 20
668 28 20
669 29 20
670 30 20
671 31 20
672 0 21
673 1 21
674 2 21
675 3 21
676 4 21
677 5 21
678 6 21
679 7 21
680 8 21
681 9 21
682 10 21
683 11 21
684 12 21
685 13 21
686 14 21
687 15 21
688 16 21
689 17 21
690 18 21
691 19 21
692 20 21
693 21 21
694 22 21
695 23 21
696 24 21
697 25 21
698 26 21
699 27 21
700 28 21
701 29 21
702 30 21
703 31 21
704 0 22
705 1 22
706 2 22
707 3 22
708 4 22
709 5 22
710 6 22
711 7 22
712 8 22
713 9 22
714 10 22
715 11 22
716 12 22
717 13 22
718 14 22
719 15 22
720 16 22
721 17 22
722 18 22
723 19 22
724 20 22
725 21 22
726 22 22
727 23 22
728 24 22
729 25 22
730 26 22
731 27 22
732 28 22
733 29 22
734 30 22
735 31 22
736 0 23
737 1 23
738 2 23
739 3 23
740 4 23
741 5 23
742 6 23
743 7 23
744 8 23
745 9 23
746 10 23
747 11 23
748 12 23
749 13 23
750 14 23
751 15 23
752 16 23
753 17 23
754 18 23
755 19 23
756 20 23
757 21 23
758 22 23
759 23 23
760 24 23
761 25 23
762 26 23
763 27 23
764 28 23
765 29 23
766 30 23
767 31 23
768 0 24
769 1 24
770 2 24
771 3 24
772 4 24
773 5 24
774 6 24
775 7 24
776 8 24
777 9 24
778 10 24
779 11 24
780 12 24
781 13 24
782 14 24
783 15 24
784 16 24
785 17 24
786 18 24
787 19 24
788 20 24
789 21 24
790 22 24
791 23 24
792 24 24
793 25 24
794 26 24
795 27 24
796 28 24
797 29 24
798 30 24
799 31 24
800 0 25
801 1 25
802 2 25
803 3 25
804 4 25
805 5 25
806 6 25
807 7 25
808 8 25
809 9 25
810 10 25
811 11 25
812 12 25
813 13 25
814 14 25
815 15 25
816 16 25
817 17 25
818 18 25
819 19 25
820 20 25
821 21 25
822 22 25
823 23 25
824 24 25
825 25 25
826 26 25
827 27 25
828 28 25
829 29 25
830 30 25
831 31 25
832 0 26
833 1 26
834 2 26
835 3 26
836 4 26
837 5 26
838 6 26
839 7 26
840 8 26
841 9 26
842 10 26
843 11 26
844 12 26
845 13 26
846 14 26
847 15 26
848 16 26
849 17 26
850 18 26
851 19 26
852 20 26
853 21 26
854 22 26
855 23 26
856 24 26
857 25 26
858 26 26
859 27 26
860 28 26
861 29 26
862 30 26
863 31 26
864 0 27
865 1 27
866 2 27
867 3 27
868 4 27
869 5 27
870 6 27
871 7 27
872 8 27
873 9 27
874 10 27
875 11 27
876 12 27
877 13 27
878 14 27
879 15 27
880 16 27
881 17 27
882 18 27
883 19 27
884 20 27
885 21 27
886 22 27
887 23 27
888 24 27
889 25 27
890 26 27
891 27 27
892 28 27
893 29 27
894 30 27
895 31 27
896 0 28
897 1 28
898 2 28
899 3 28
900 4 28
901 5 28
902 6 28
903 7 28
904 8 28
905 9 28
906 10 28
907 11 28
908 12 28
909 13 28
910 14 28
911 15 28
912 16 28
913 17 28
914 18 28
915 19 28
916 20 28
917 21 28
918 22 28
919 23 28
920 24 28
921 25 28
922 26 28
923 27 28
924 28 28
925 29 28
926 30 28
927 31 28
928 0 29
929 1 29
930 2 29
931 3 29
932 4 29
933 5 29
934 6 29
935 7 29
936 8 29
937 9 29
938 10 29
939 11 29
940 12 29
941 13 29
942 14 29
943 15 29
944 16 29
945 17 29
946 18 29
947 19 29
948 20 29
949 21 29
950 22 29
951 23 29
952 24 29
953 25 29
954 26 29
955 27 29
956 28 29
957 29 29
958 30 29
959 31 29
960 0 30
961 1 30
962 2 30
963 3 30
964 4 30
965 5 30
966 6 30
967 7 30
968 8 30
969 9 30
970 10 30
971 11 30
972 12 30
973 13 30
974 14 30
975 15 30
976 16 30
977 17 30
978 18 30
979 19 30
980 20 30
981 21 30
982 22 30
983 23 30
984 24 30
985 25 30
986 26 30
987 27 30
988 28 30
989 29 30
990 30 30
991 31 30
992 0 31
993 1 31
994 2 31
995 3 31
996 4 31
997 5 31
998 6 31
999 7 31
1000 8 31
1001 9 31
1002 10 31
1003 11 31
1004 12 31
1005 13 31
1006 14 31
1007 15 31
1008 16 31
1009 17 31
1010 18 31
1011 19 31
1012 20 31
1013 21 31
1014 22 31
1015 23 31
1016 24 31
1017 25 31
1018 26 31
1019 27 31
1020 28 31
1021 29 31
1022 30 31
1023 31 31
---
0 1 53
1 0 53
1 2 80
2 1 80
2 34 47
2 3 65
3 2 65
3 35 73
3 4 21
4 3 21
4 36 36
7 39 26
9 41 43
9 10 66
10 9 66
10 42 34
10 11 35
11 10 35
11 43 19
11 12 43
12 11 43
12 44 63
12 13 63
13 12 63
16 48 31
16 17 65
17 16 65
17 18 79
18 17 79
18 50 32
20 52 9
20 21 77
21 20 77
23 24 4
24 23 4
24 25 79
25 24 79
25 26 81
26 25 81
26 58 94
26 27 35
27 26 35
27 59 60
27 28 81
28 27 81
28 60 13
31 63 51
34 2 47
34 66 93
34 35 54
35 3 73
35 34 54
35 67 11
35 36 81
36 4 36
36 35 81
36 37 54
37 36 54
37 69 96
37 38 19
38 37 19
38 39 70
39 7 26
39 38 70
39 40 61
40 39 61
40 72 51
40 41 20
41 9 43
41 40 20
41 73 74
41 42 36
42 10 34
42 41 36
42 74 83
42 43 39
43 11 19
43 42 39
43 75 28
43 44 76
44 12 63
44 43 76
44 76 97
46 78 96
48 16 31
48 80 5
50 18 32
50 82 49
50 51 40
51 50 40
51 83 79
51 52 46
52 20 9
52 51 46
52 84 17
58 26 94
58 59 36
59 27 60
59 58 36
59 91 96
59 60 57
60 28 13
60 59 57
60 92 86
62 63 86
63 31 51
63 62 86
63 95 6
66 34 93
66 98 100
66 67 88
67 35 11
67 66 88
67 99 70
69 37 96
72 40 51
72 104 84
72 73 60
73 41 74
73 72 60
73 74 47
74 42 83
74 73 47
74 106 61
74 75 4
75 43 28
75 74 4
75 107 45
75 76 23
76 44 97
76 75 23
76 108 13
76 77 93
77 76 93
77 109 94
77 78 78
78 46 96
78 77 78
78 79 99
79 78 99
79 111 64
79 80 90
80 48 5
80 79 90
80 81 12
81 80 12
81 113 45
81 82 55
82 50 49
82 81 55
82 83 56
83 51 79
83 82 56
83 84 62
84 52 17
84 83 62
84 116 82
87 119 74
87 88 11
88 87 11
88 120 73
88 89 31
89 88 31
89 121 53
91 59 96
91 123 30
91 92 66
92 60 86
92 91 66
92 124 62
92 93 97
93 92 97
95 63 6
97 98 9
98 66 100
98 97 9
98 130 62
98 99 93
99 67 70
99 98 93
99 100 15
100 99 15
104 72 84
104 136 71
106 74 61
106 138 53
106 107 22
107 75 45
107 106 22
107 139 77
107 108 19
108 76 13
108 107 19
108 140 75
108 109 23
109 77 94
109 108 23
111 79 64
111 143 13
113 81 45
116 84 82
116 148 22
116 117 47
117 116 47
117 118 98
118 117 98
118 150 63
118 119 16
119 87 74
119 118 16
119 151 70
119 120 88
120 88 73
120 119 88
120 152 99
120 121 62
121 89 53
121 120 62
121 122 21
122 121 21
122 154 24
122 123 67
123 91 30
123 122 67
123 155 94
123 124 27
124 92 62
124 123 27
126 158 68
130 98 62
130 162 62
133 165 70
133 134 50
134 133 50
134 135 60
135 134 60
135 136 50
136 104 71
136 135 50
136 168 48
136 137 67
137 136 67
137 169 9
137 138 5
138 106 53
138 137 5
138 170 18
138 139 26
139 107 77
139 138 26
139 171 13
139 140 40
140 108 75
140 139 40
140 172 95
142 143 1
143 111 13
143 142 1
143 175 39
143 144 3
144 143 3
146 147 78
147 146 78
147 179 70
147 148 15
148 116 22
148 147 15
148 180 83
150 118 63
150 182 18
150 151 62
151 119 70
151 150 62
151 183 3
151 152 42
152 120 99
152 151 42
154 122 24
154 186 36
154 155 67
155 123 94
155 154 67
155 187 30
158 126 68
160 192 47
160 161 58
161 160 58
161 193 91
161 162 57
162 130 62
162 161 57
162 163 33
163 162 33
163 195 22
163 164 21
164 163 21
164 196 11
164 165 51
165 133 70
165 164 51
168 136 48
168 169 97
169 137 9
169 168 97
169 170 5
170 138 18
170 169 5
170 202 39
170 171 48
171 139 13
171 170 48
171 172 2
172 140 95
172 171 2
172 204 87
175 143 39
175 207 74
177 209 16
179 147 70
179 211 55
179 180 38
180 148 83
180 179 38
182 150 18
182 214 45
182 183 40
183 151 3
183 182 40
183 215 78
185 217 61
185 186 18
186 154 36
186 185 18
186 218 2
186 187 10
187 155 30
187 186 10
187 219 52
187 188 5
188 187 5
192 160 47
192 224 43
192 193 33
193 161 91
193 192 33
193 225 86
195 163 22
195 227 18
195 196 62
196 164 11
196 195 62
196 228 21
202 170 39
204 172 87
207 175 74
207 239 98
207 208 16
208 207 16
208 209 56
209 177 16
209 208 56
209 241 42
209 210 19
210 209 19
210 242 86
210 211 46
211 179 55
211 210 46
211 243 85
213 245 57
213 214 7
214 182 45
214 213 7
214 246 84
214 215 36
215 183 78
215 214 36
215 247 11
215 216 38
216 215 38
216 248 48
216 217 72
217 185 61
217 216 72
217 249 27
217 218 19
218 186 2
218 217 19
218 250 48
218 219 12
219 187 52
219 218 12
219 251 42
221 253 29
221 222 63
222 221 63
222 254 36
224 192 43
224 256 39
224 225 13
225 193 86
225 224 13
225 226 41
226 225 41
226 227 63
227 195 18
227 226 63
227 228 42
228 196 21
228 227 42
228 260 91
228 229 50
229 228 50
229 261 10
231 232 55
232 231 55
232 264 52
232 233 72
233 232 72
235 267 49
237 269 98
237 238 63
238 237 63
238 270 72
238 239 50
239 207 98
239 238 50
239 271 63
241 209 42
241 273 39
241 242 77
242 210 86
242 241 77
242 243 96
243 211 85
243 242 96
243 275 64
243 244 42
244 243 42
244 276 88
244 245 60
245 213 57
245 244 60
245 246 35
246 214 84
246 245 35
246 278 7
246 247 61
247 215 11
247 246 61
247 279 47
247 248 72
248 216 48
248 247 72
248 280 79
248 249 81
249 217 27
249 248 81
249 281 26
249 250 52
250 218 48
250 249 52
250 282 16
250 251 8
251 219 42
251 250 8
251 283 77
251 252 76
252 251 76
252 284 28
252 253 3
253 221 29
253 252 3
253 285 100
253 254 72
254 222 36
254 253 72
254 286 45
254 255 41
255 254 41
256 224 39
256 288 53
260 228 91
260 261 4
261 229 10
261 260 4
261 293 96
261 262 99
262 261 99
264 232 52
264 296 40
266 298 66
266 267 75
267 235 49
267 266 75
267 299 86
267 268 57
268 267 57
268 269 80
269 237 98
269 268 80
269 301 81
269 270 82
270 238 72
270 269 82
270 302 71
270 271 59
271 239 63
271 270 59
271 303 6
271 272 80
272 271 80
272 304 94
272 273 73
273 241 39
273 272 73
273 305 82
275 243 64
275 276 75
276 244 88
276 275 75
276 308 74
278 246 7
278 310 1
278 279 96
279 247 47
279 278 96
279 311 97
279 280 55
280 248 79
280 279 55
280 312 24
280 281 82
281 249 26
281 280 82
281 282 54
282 250 16
282 281 54
282 283 24
283 251 77
283 282 24
283 315 5
283 284 39
284 252 28
284 283 39
284 316 59
284 285 6
285 253 100
285 284 6
285 317 99
285 286 27
286 254 45
286 285 27
288 256 53
288 320 90
288 289 76
289 288 76
289 321 7
293 261 96
293 325 10
295 296 40
296 264 40
296 295 40
296 328 16
296 297 19
297 296 19
297 329 38
297 298 65
298 266 66
298 297 65
298 330 23
298 299 4
299 267 86
299 298 4
301 269 81
301 333 98
301 302 37
302 270 71
302 301 37
302 334 76
302 303 89
303 271 6
303 302 89
303 304 93
304 272 94
304 303 93
304 336 99
304 305 9
305 273 82
305 304 9
308 276 74
308 340 65
308 309 73
309 308 73
309 341 30
309 310 72
310 278 1
310 309 72
310 342 13
310 311 95
311 279 97
311 310 95
311 312 27
312 280 24
312 311 27
312 344 96
315 283 5
315 347 14
315 316 3
316 284 59
316 315 3
316 348 15
316 317 18
317 285 99
317 316 18
319 351 47
320 288 90
320 352 1
320 321 86
321 289 7
321 320 86
321 322 98
322 321 98
322 323 2
323 322 2
323 355 97
323 324 17
324 323 17
324 356 18
324 325 28
325 293 10
325 324 28
325 357 6
328 296 16
328 329 3
329 297 38
329 328 3
329 361 1
329 330 73
330 298 23
330 329 73
330 362 45
332 364 57
332 333 73
333 301 98
333 332 73
333 365 37
333 334 54
334 302 76
334 333 54
334 366 39
336 304 99
338 370 45
338 339 38
339 338 38
339 340 39
340 308 65
340 339 39
340 341 90
341 309 30
341 340 90
341 342 2
342 310 13
342 341 2
342 374 62
344 312 96
344 376 6
344 345 90
345 344 90
345 377 70
347 315 14
347 379 37
347 348 81
348 316 15
348 347 81
351 319 47
352 320 1
355 323 97
355 387 49
355 356 2
356 324 18
356 355 2
356 357 22
357 325 6
357 356 22
357 389 45
357 358 94
358 357 94
358 390 54
358 359 14
359 358 14
359 391 100
361 329 1
361 393 69
361 362 23
362 330 45
362 361 23
362 394 68
364 332 57
364 396 51
364 365 44
365 333 37
365 364 44
365 366 42
366 334 39
366 365 42
366 398 90
366 367 70
367 366 70
367 399 82
369 401 4
369 370 40
370 338 45
370 369 40
370 402 92
374 342 62
374 406 20
374 375 39
375 374 39
375 407 69
375 376 56
376 344 6
376 375 56
376 408 10
376 377 83
377 345 70
377 376 83
377 409 92
377 378 36
378 377 36
378 410 16
378 379 62
379 347 37
379 378 62
379 411 27
381 413 67
381 382 30
382 381 30
382 414 98
385 386 92
386 385 92
386 418 97
386 387 9
387 355 49
387 386 9
387 419 9
389 357 45
389 421 49
389 390 76
390 358 54
390 389 76
390 391 100
391 359 100
391 390 100
391 423 61
391 392 13
392 391 13
392 424 52
392 393 64
393 361 69
393 392 64
393 425 94
393 394 26
394 362 68
394 393 26
394 395 50
395 394 50
395 427 86
395 396 85
396 364 51
396 395 85
398 366 90
398 430 48
398 399 25
399 367 82
399 398 25
399 400 27
400 399 27
400 432 33
400 401 25
401 369 4
401 400 25
401 433 76
401 402 14
402 370 92
402 401 14
402 434 40
402 403 28
403 402 28
403 435 22
406 374 20
406 438 98
406 407 18
407 375 69
407 406 18
407 439 8
407 408 26
408 376 10
408 407 26
408 440 83
408 409 42
409 377 92
409 408 42
409 441 59
409 410 17
410 378 16
410 409 17
410 411 100
411 379 27
411 410 100
411 443 41
413 381 67
413 445 88
413 414 49
414 382 98
414 413 49
414 446 30
418 386 97
418 419 7
419 387 9
419 418 7
419 451 54
419 420 27
420 419 27
420 452 19
420 421 6
421 389 49
421 420 6
421 453 41
423 391 61
423 455 25
423 424 29
424 392 52
424 423 29
424 456 55
424 425 82
425 393 94
425 424 82
427 395 86
430 398 48
430 462 19
432 400 33
432 464 7
432 433 16
433 401 76
433 432 16
433 434 77
434 402 40
434 433 77
434 466 81
434 435 46
435 403 22
435 434 46
435 467 79
435 436 65
436 435 65
436 468 23
436 437 96
437 436 96
437 469 45
437 438 74
438 406 98
438 437 74
438 439 64
439 407 8
439 438 64
439 471 53
439 440 98
440 408 83
440 439 98
440 472 95
440 441 20
441 409 59
441 440 20
441 473 17
443 411 41
443 475 49
443 444 10
444 443 10
444 476 10
444 445 16
445 413 88
445 444 16
445 446 56
446 414 30
446 445 56
446 447 76
447 446 76
451 419 54
451 483 37
451 452 98
452 420 19
452 451 98
452 453 21
453 421 41
453 452 21
453 485 95
453 454 52
454 453 52
454 455 2
455 423 25
455 454 2
455 487 52
455 456 92
456 424 55
456 455 92
456 488 53
458 490 36
462 430 19
462 494 38
462 463 32
463 462 32
463 495 47
463 464 28
464 432 7
464 463 28
466 434 81
466 467 76
467 435 79
467 466 76
467 499 78
467 468 54
468 436 23
468 467 54
468 469 39
469 437 45
469 468 39
469 501 3
471 439 53
471 503 13
471 472 45
472 440 95
472 471 45
472 504 56
472 473 54
473 441 17
473 472 54
473 505 1
475 443 49
475 507 79
475 476 48
476 444 10
476 475 48
476 508 97
480 512 56
480 481 6
481 480 6
481 513 64
483 451 37
483 515 38
485 453 95
487 455 52
487 488 48
488 456 53
488 487 48
488 520 22
488 489 85
489 488 85
489 521 72
489 490 14
490 458 36
490 489 14
490 522 100
490 491 34
491 490 34
491 523 71
491 492 96
492 491 96
492 524 90
492 493 18
493 492 18
493 494 20
494 462 38
494 493 20
494 495 51
495 463 47
495 494 51
495 527 21
497 529 82
499 467 78
501 469 3
503 471 13
503 535 80
503 504 10
504 472 56
504 503 10
504 505 12
505 473 1
505 504 12
507 475 79
507 539 37
507 508 16
508 476 97
508 507 16
508 540 25
508 509 82
509 508 82
509 541 59
509 510 70
510 509 70
510 542 47
510 511 16
511 510 16
511 543 36
512 480 56
512 544 85
512 513 89
513 481 64
513 512 89
513 514 41
514 513 41
514 515 57
515 483 38
515 514 57
515 547 54
520 488 22
520 552 7
520 521 100
521 489 72
521 520 100
521 553 10
521 522 74
522 490 100
522 521 74
522 554 26
522 523 48
523 491 71
523 522 48
523 555 28
523 524 86
524 492 90
524 523 86
524 556 56
527 495 21
527 528 45
528 527 45
528 560 5
528 529 65
529 497 82
529 528 65
529 561 59
529 530 49
530 529 49
530 562 27
532 564 90
535 503 80
535 567 99
538 570 17
538 539 2
539 507 37
539 538 2
539 571 98
539 540 24
540 508 25
540 539 24
540 541 41
541 509 59
541 540 41
541 573 37
541 542 95
542 510 47
542 541 95
542 543 56
543 511 36
543 542 56
543 575 1
544 512 85
547 515 54
547 579 48
549 581 14
552 520 7
552 584 18
552 553 86
553 521 10
553 552 86
553 585 40
553 554 84
554 522 26
554 553 84
554 586 21
554 555 90
555 523 28
555 554 90
555 587 53
555 556 24
556 524 56
556 555 24
556 588 100
556 557 16
557 556 16
560 528 5
560 592 77
560 561 65
561 529 59
561 560 65
561 593 60
561 562 35
562 530 27
562 561 35
562 594 8
564 532 90
566 567 45
567 535 99
567 566 45
567 599 53
567 568 86
568 567 86
570 538 17
570 602 78
570 571 67
571 539 98
571 570 67
571 603 68
573 541 37
573 605 70
575 543 1
575 607 13
579 547 48
579 611 25
581 549 14
581 613 78
581 582 57
582 581 57
582 583 1
583 582 1
583 615 60
583 584 18
584 552 18
584 583 18
584 616 34
584 585 29
585 553 40
585 584 29
585 617 93
585 586 20
586 554 21
586 585 20
586 618 82
586 587 52
587 555 53
587 586 52
587 619 79
587 588 53
588 556 100
588 587 53
588 620 76
590 622 51
592 560 77
592 624 28
592 593 62
593 561 60
593 592 62
593 625 70
593 594 59
594 562 8
594 593 59
594 595 65
595 594 65
595 627 18
599 567 53
601 633 94
601 602 82
602 570 78
602 601 82
602 634 13
602 603 53
603 571 68
603 602 53
603 635 14
603 604 12
604 603 12
604 636 31
604 605 75
605 573 70
605 604 75
605 637 72
607 575 13
608 640 94
610 642 25
610 611 74
611 579 25
611 610 74
611 643 87
611 612 86
612 611 86
612 644 32
612 613 58
613 581 78
613 612 58
613 645 90
615 583 60
615 647 21
615 616 10
616 584 34
616 615 10
616 648 36
616 617 41
617 585 93
617 616 41
617 618 79
618 586 82
618 617 79
618 650 70
618 619 90
619 587 79
619 618 90
619 651 91
619 620 52
620 588 76
620 619 52
620 652 20
620 621 12
621 620 12
621 653 88
621 622 82
622 590 51
622 621 82
624 592 28
624 656 25
624 625 97
625 593 70
625 624 97
625 657 58
627 595 18
627 659 50
630 662 8
632 633 44
633 601 94
633 632 44
633 665 39
633 634 32
634 602 13
634 633 32
634 666 31
634 635 27
635 603 14
635 634 27
635 667 38
635 636 29
636 604 31
636 635 29
636 668 2
636 637 46
637 605 72
637 636 46
637 669 64
637 638 15
638 637 15
638 670 90
640 608 94
640 672 49
642 610 25
642 674 76
642 643 68
643 611 87
643 642 68
643 675 86
643 644 78
644 612 32
644 643 78
644 676 18
644 645 5
645 613 90
645 644 5
645 677 28
645 646 57
646 645 57
646 647 89
647 615 21
647 646 89
647 679 48
647 648 48
648 616 36
648 647 48
650 618 70
650 651 75
651 619 91
651 650 75
651 683 63
651 652 5
652 620 20
652 651 5
652 653 10
653 621 88
653 652 10
653 685 26
655 687 67
655 656 95
656 624 25
656 655 95
656 657 49
657 625 58
657 656 49
657 689 39
657 658 18
658 657 18
658 690 86
658 659 98
659 627 50
659 658 98
659 691 6
659 660 27
660 659 27
660 692 86
660 661 88
661 660 88
661 662 61
662 630 8
662 661 61
662 694 24
662 663 93
663 662 93
665 633 39
665 666 19
666 634 31
666 665 19
666 667 39
667 635 38
667 666 39
667 668 39
668 636 2
668 667 39
668 669 97
669 637 64
669 668 97
669 701 94
669 670 66
670 638 90
670 669 66
670 702 27
670 671 12
671 670 12
671 703 41
672 640 49
672 704 82
674 642 76
674 706 68
674 675 3
675 643 86
675 674 3
675 707 16
675 676 25
676 644 18
676 675 25
676 708 11
676 677 46
677 645 28
677 676 46
677 709 9
679 647 48
679 711 27
681 713 66
683 651 63
683 715 92
685 653 26
685 717 10
687 655 67
687 719 42
689 657 39
689 721 63
689 690 41
690 658 86
690 689 41
690 722 6
690 691 90
691 659 6
691 690 90
691 723 76
691 692 2
692 660 86
692 691 2
692 724 4
694 662 24
694 726 29
696 728 21
701 669 94
701 702 9
702 670 27
702 701 9
702 703 26
703 671 41
703 702 26
704 672 82
704 736 25
704 705 7
705 704 7
705 706 38
706 674 68
706 705 38
706 707 19
707 675 16
707 706 19
707 739 56
707 708 70
708 676 11
708 707 70
708 740 78
708 709 6
709 677 9
709 708 6
709 741 14
709 710 98
710 709 98
710 711 67
711 679 27
711 710 67
711 743 95
711 712 30
712 711 30
712 744 54
712 713 24
713 681 66
713 712 24
713 714 69
714 713 69
714 746 53
714 715 57
715 683 92
715 714 57
715 747 70
715 716 40
716 715 40
716 717 58
717 685 10
717 716 58
717 749 16
717 718 89
718 717 89
718 719 35
719 687 42
719 718 35
719 751 3
719 720 2
720 719 2
720 721 74
721 689 63
721 720 74
721 753 34
721 722 28
722 690 6
722 721 28
722 723 31
723 691 76
723 722 31
723 755 38
723 724 90
724 692 4
724 723 90
724 756 43
724 725 86
725 724 86
725 726 74
726 694 29
726 725 74
726 758 89
726 727 48
727 726 48
727 728 23
728 696 21
728 727 23
728 729 25
729 728 25
729 761 93
729 730 92
730 729 92
730 731 64
731 730 64
731 763 41
731 732 92
732 731 92
732 764 52
736 704 25
736 768 83
739 707 56
739 771 95
739 740 94
740 708 78
740 739 94
740 741 42
741 709 14
741 740 42
741 773 13
743 711 95
743 744 5
744 712 54
744 743 5
746 714 53
746 778 41
746 747 24
747 715 70
747 746 24
747 779 41
749 717 16
751 719 3
753 721 34
753 785 34
755 723 38
755 787 59
755 756 90
756 724 43
756 755 90
758 726 89
758 790 87
761 729 93
761 793 51
763 731 41
763 795 98
763 764 68
764 732 52
764 763 68
764 765 81
765 764 81
765 797 67
765 766 95
766 765 95
766 798 61
766 767 26
767 766 26
767 799 21
768 736 83
768 769 65
769 768 65
769 801 44
769 770 84
770 769 84
770 802 30
770 771 93
771 739 95
771 770 93
771 803 79
773 741 13
773 805 76
777 778 42
778 746 41
778 777 42
778 810 62
778 779 88
779 747 41
779 778 88
779 811 13
782 814 84
785 753 34
785 817 38
785 786 10
786 785 10
786 818 53
786 787 34
787 755 59
787 786 34
787 819 45
789 821 13
789 790 9
790 758 87
790 789 9
790 822 28
790 791 91
791 790 91
791 823 71
791 792 77
792 791 77
792 824 31
792 793 89
793 761 51
793 792 89
793 825 27
795 763 98
795 827 59
797 765 67
797 829 77
797 798 72
798 766 61
798 797 72
798 830 29
798 799 33
799 767 21
799 798 33
799 831 66
801 769 44
801 833 14
801 802 99
802 770 30
802 801 99
802 834 23
802 803 12
803 771 79
803 802 12
803 804 84
804 803 84
804 805 66
805 773 76
805 804 66
805 806 41
806 805 41
810 778 62
810 842 95
810 811 39
811 779 13
811 810 39
811 843 69
811 812 2
812 811 2
812 844 100
814 782 84
814 846 72
814 815 41
815 814 41
815 847 52
817 785 38
817 849 82
817 818 98
818 786 53
818 817 98
818 850 8
818 819 76
819 787 45
819 818 76
819 851 39
821 789 13
821 853 20
821 822 97
822 790 28
822 821 97
822 854 55
822 823 90
823 791 71
823 822 90
823 855 65
823 824 88
824 792 31
824 823 88
824 856 42
824 825 62
825 793 27
825 824 62
825 857 84
825 826 52
826 825 52
826 827 28
827 795 59
827 826 28
827 828 18
828 827 18
828 860 49
828 829 24
829 797 77
829 828 24
829 861 25
829 830 40
830 798 29
830 829 40
830 862 33
830 831 40
831 799 66
831 830 40
831 863 23
832 833 54
833 801 14
833 832 54
833 834 77
834 802 23
834 833 77
834 866 54
841 873 87
841 842 60
842 810 95
842 841 60
842 874 74
842 843 41
843 811 69
843 842 41
843 844 87
844 812 100
844 843 87
844 876 95
844 845 77
845 844 77
845 877 59
845 846 12
846 814 72
846 845 12
846 878 69
846 847 64
847 815 52
847 846 64
847 848 29
848 847 29
848 849 15
849 817 82
849 848 15
849 881 13
849 850 85
850 818 8
850 849 85
850 882 3
850 851 66
851 819 39
851 850 66
853 821 20
853 885 24
853 854 68
854 822 55
854 853 68
854 886 64
854 855 49
855 823 65
855 854 49
855 887 26
855 856 58
856 824 42
856 855 58
856 888 65
856 857 93
857 825 84
857 856 93
857 889 11
860 828 49
860 892 50
860 861 22
861 829 25
861 860 22
861 893 52
861 862 58
862 830 33
862 861 58
862 863 2
863 831 23
863 862 2
863 895 31
866 834 54
866 867 86
867 866 86
867 899 42
867 868 32
868 867 32
873 841 87
873 905 94
873 874 69
874 842 74
874 873 69
874 906 84
876 844 95
876 908 65
876 877 33
877 845 59
877 876 33
877 909 44
877 878 45
878 846 69
878 877 45
878 910 16
881 849 13
881 882 42
882 850 3
882 881 42
882 914 36
885 853 24
885 917 44
885 886 26
886 854 64
886 885 26
886 918 45
886 887 86
887 855 26
887 886 86
887 888 60
888 856 65
888 887 60
888 920 53
888 889 25
889 857 11
889 888 25
889 890 40
890 889 40
890 922 81
890 891 5
891 890 5
891 923 47
891 892 34
892 860 50
892 891 34
892 924 46
892 893 92
893 861 52
893 892 92
893 925 39
895 863 31
895 927 44
897 929 57
899 867 42
899 931 27
901 933 78
903 904 86
904 903 86
904 936 14
904 905 41
905 873 94
905 904 41
905 937 25
905 906 91
906 874 84
906 905 91
906 938 74
906 907 71
907 906 71
907 939 50
907 908 35
908 876 65
908 907 35
908 940 36
908 909 21
909 877 44
909 908 21
909 941 96
909 910 65
910 878 16
910 909 65
910 911 47
911 910 47
911 943 7
911 912 27
912 911 27
912 944 21
914 882 36
914 946 97
914 915 37
915 914 37
915 947 66
915 916 36
916 915 36
916 948 30
916 917 66
917 885 44
917 916 66
917 949 7
917 918 92
918 886 45
918 917 92
918 950 48
920 888 53
920 952 62
922 890 81
922 923 29
923 891 47
923 922 29
923 924 41
924 892 46
924 923 41
924 956 53
924 925 76
925 893 39
925 924 76
925 957 47
927 895 44
927 959 1
929 897 57
929 961 63
931 899 27
933 901 78
933 965 50
933 934 68
934 933 68
936 904 14
936 937 2
937 905 25
937 936 2
937 969 28
937 938 47
938 906 74
938 937 47
938 939 99
939 907 50
939 938 99
939 971 53
939 940 42
940 908 36
940 939 42
940 941 100
941 909 96
941 940 100
941 973 47
943 911 7
943 944 46
944 912 21
944 943 46
944 945 17
945 944 17
945 977 90
945 946 63
946 914 97
946 945 63
946 947 69
947 915 66
947 946 69
947 979 58
947 948 89
948 916 30
948 947 89
948 980 69
948 949 96
949 917 7
949 948 96
949 950 35
950 918 48
950 949 35
952 920 62
952 984 78
952 953 74
953 952 74
953 985 94
956 924 53
956 988 34
956 957 68
957 925 47
957 956 68
957 989 2
959 927 1
959 991 15
960 961 31
961 929 63
961 960 31
961 993 58
961 962 62
962 961 62
962 994 22
964 965 56
965 933 50
965 964 56
965 997 86
969 937 28
969 1001 53
971 939 53
973 941 47
977 945 90
977 1009 4
979 947 58
979 1011 38
979 980 6
980 948 69
980 979 6
980 1012 6
983 1015 8
983 984 62
984 952 78
984 983 62
984 1016 6
984 985 39
985 953 94
985 984 39
985 1017 18
987 1019 42
987 988 69
988 956 34
988 987 69
988 989 57
989 957 2
989 988 57
989 990 52
990 989 52
990 991 35
991 959 15
991 990 35
991 1023 64
993 961 58
993 994 58
994 962 22
994 993 58
994 995 100
995 994 100
997 965 86
997 998 95
998 997 95
1000 1001 26
1001 969 53
1001 1000 26
1001 1002 62
1002 1001 62
1006 1007 83
1007 1006 83
1009 977 4
1009 1010 89
1010 1009 89
1010 1011 36
1011 979 38
1011 1010 36
1011 1012 24
1012 980 6
1012 1011 24
1012 1013 72
1013 1012 72
1015 983 8
1015 1016 63
1016 984 6
1016 1015 63
1016 1017 64
1017 985 18
1017 1016 64
1017 1018 44
1018 1017 44
1018 1019 19
1019 987 42
1019 1018 19
1023 991 64