5077
0
64
65
129
193
257
258
322
323
324
325
389
453
454
455
456
457
458
522
523
587
651
715
779
843
844
845
846
847
848
849
850
851
852
853
917
981
980
1044
1108
1172
1236
1300
1301
1365
1429
1493
1557
1621
1622
1623
1687
1688
1689
1690
1691
1692
1756
1820
1821
1885
1949
1950
2014
2015
2079
2143
2207
2208
2209
2210
2211
2275
2339
2403
2404
2405
2406
2407
2471
2535
2536
2600
2664
2728
2792
2856
2857
2921
2985
3049
3113
3177
3241
3240
3304
3305
3369
3370
3434
3498
3499
3563
3627
3628
3629
3630
3631
3632
3633
3634
3635
3571
3572
3573
3574
3575
3639
3640
3641
3577
3578
3579
3580
3644
3708
3772
3836
3900
3901
3902
3966
4030
4094
4095
